trend_score
3
3
3
3
3
3
3
3
3
3
3
3
3
3
4
4
4
4
4
4
4
5
5
5
5
5
5
5
7
7
7
7
7
7
7
5
5
5
5
5
5
5
4
4
4
4
4
4
4
4
4
4
4
4
4
4
4
4
4
4
4
4
4
4
4
4
4
4
4
4
4
4
4
4
4
4
4
5
5
5
5
5
5
5
6
6
6
6
6
6
6
7
7
7
7
7
7
7
6
6
6
6
6
6
6
5
5
5
5
5
5
5
5
5
5
5
5
5
5
5
5
5
5
5
5
5
5
5
5
5
5
5
5
5
5
5
5
5
5
5
5
5
5
5
5
5
5
7
7
7
7
7
7
7
9
9
9
9
9
9
9
11
11
11
11
11
11
11
19
19
19
19
19
19
19
12
12
12
12
12
12
12
12
12
12
12
12
12
12
13
13
13
13
13
13
13
10
10
10
10
10
10
10
11
11
11
11
11
11
11
9
9
9
9
9
9
9
10
10
10
10
10
10
10
12
12
12
12
12
12
12
11
11
11
11
11
11
11
15
15
15
15
15
15
15
14
14
14
14
14
14
14
20
20
20
20
20
20
20
16
16
16
16
16
16
16
17
17
17
17
17
17
17
18
18
18
18
18
18
18
20
20
20
20
20
20
20
15
15
15
15
15
15
15
12
12
12
12
12
12
12
12
12
12
12
12
12
12
19
19
19
19
19
19
19
19
19
19
19
19
19
19
20
20
20
20
20
20
20
27
27
27
27
27
27
27
29
29
29
29
29
29
29
31
31
31
31
31
31
31
28
28
28
28
28
28
28
64
64
64
64
64
64
64
91
91
91
91
91
91
91
85
85
85
85
85
85
85
100
100
100
100
100
100
100
61
61
61
61
61
61
61
47
47
47
47
47
47
47
45
45
45
45
45
45
45
55
55
55
55
55
55
55
37
37
37
37
37
37
37
40
40
40
40
40
40
40
47
47
47
47
47
47
47
27
27
27
27
27
27
27
24
24
24
24
24
24
24
19
19
19
19
19
19
19
19
19
19
19
19
19
19
18
18
18
18
18
18
18
17
17
17
17
17
17
17
18
18
18
18
18
18
18
17
17
17
17
17
17
17
15
15
15
15
15
15
15
14
14
14
14
14
14
14
15
15
15
15
15
15
15
13
13
13
13
13
13
13
13
13
13
13
13
13
13
11
11
11
11
11
11
11
11
11
11
11
11
11
11
10
10
10
10
10
10
10
9
9
9
9
9
9
9
12
12
12
12
12
12
12
10
10
10
10
10
10
10
11
11
11
11
11
11
11
10
10
10
10
10
10
10
9
9
9
9
9
9
9
11
11
11
11
11
11
11
12
12
12
12
12
12
12
10
10
10
10
10
10
10
11
11
11
11
11
11
11
11
11
11
11
11
11
11
10
10
10
10
10
10
10
10
10
10
10
10
10
10
11
11
11
11
11
11
11
9
9
9
9
9
9
9
9
9
9
9
9
9
9
8
8
8
8
8
8
8
8
8
8
8
8
8
8
8
8
8
8
8
8
8
8
8
8
8
8
8
8
8
8
8
8
8
8
8
7
7
7
7
7
7
7
8
8
8
8
8
8
8
10
10
10
10
10
10
10
13
13
13
13
13
13
13
14
14
14
14
14
14
14
11
11
11
11
11
11
11
11
11
11
11
11
11
11
11
11
11
11
11
11
11
10
10
10
10
10
10
10
8
8
8
8
8
8
8
9
9
9
9
9
9
9
8
8
8
8
8
8
8
7
7
7
7
7
7
7
7
7
7
7
7
7
7
8
8
8
8
8
8
8
7
7
7
7
7
7
7
8
8
8
8
8
8
8
8
8
8
8
8
8
8
7
7
7
7
7
7
7
6
6
6
6
6
6
6
7
7
7
7
7
7
7
7
7
7
7
7
7
7
12
12
12
12
12
12
12
10
10
10
10
10
10
10
9
9
9
9
9
9
9
9
9
9
9
9
9
9
8
8
8
8
8
8
8
12
12
12
12
12
12
12
19
19
19
19
19
19
19
14
14
14
14
14
14
14
14
14
14
14
14
14
14
12
12
12
12
12
12
12
11
11
11
11
11
11
11
17
17
17
17
17
17
17
25
25
25
25
25
25
25
17
17
17
17
17
17
17
16
16
16
16
16
16
16
16
16
16
16
16
16
16
13
13
13
13
13
13
13
12
12
12
12
12
12
12
14
14
14
14
14
14
14
13
13
13
13
13
13
13
11
11
11
11
11
11
11
11
11
11
11
11
11
11
11
11
11
11
11
11
11
9
9
9
9
9
9
9
9
9
9
9
9
9
9
12
12
12
12
12
12
12
10
10
10
10
10
10
10
9
9
9
9
9
9
9
9
9
9
9
9
9
9
10
10
10
10
10
10
10
10
10
10
10
10
10
10
9
9
9
9
9
9
9
9
9
9
9
9
9
9
10
10
10
10
10
10
10
10
10
10
10
10
10
10
9
9
9
9
9
9
9
8
8
8
8
8
8
8
9
9
9
9
9
9
9
8
8
8
8
8
8
8
8
8
8
8
8
8
8
11
11
11
11
11
11
11
11
11
11
11
11
11
11
10
10
10
10
10
10
10
10
10
10
10
10
10
10
11
11
11
11
11
11
11
12
12
12
12
12
12
12
11
11
11
11
11
11
11
11
11
11
11
11
11
11
10
10
10
10
10
10
10
19
19
19
19
19
19
19
19
19
19
19
19
19
19
14
14
14
14
14
14
14
13
13
13
13
13
13
13
13
13
13
13
13
13
13
12
12
12
12
12
12
12
12
12
12
12
12
12
12
16
16
16
16
16
16
16
18
18
18
18
18
18
18
21
21
21
21
21
21
21
14
14
14
14
14
14
14
12
12
12
12
12
12
12
12
12
12
12
12
12
12
12
12
12
12
12
12
12
10
10
10
10
10
10
10
10
10
10
10
10
10
10
10
10
10
10
10
10
10
10
10
10
10
10
10
10
11
11
11
11
11
11
11
10
10
10
10
10
10
10
16
16
16
16
16
16
16
14
14
14
14
14
14
14
14
14
14
14
14
14
14
13
13
13
13
13
13
13
11
11
11
11
11
11
11
11
11
11
11
11
11
11
11
11
11
11
11
11
11
10
10
10
10
10
10
10
9
9
9
9
9
9
9
9
9
9
9
9
9
9
9
9
9
9
9
9
9
9
9
9
9
9
9
9
13
13
13
13
13
13
13
14
14
14
14
14
14
14
15
15
15
15
15
15
15
16
16
16
16
16
16
16
22
22
22
22
22
22
22
24
24
24
24
24
24
24
20
20
20
20
20
20
20
16
16
16
16
16
16
16
26
26
26
26
26
26
26
27
27
27
27
27
27
27
40
40
40
40
40
40
40
69
69
69
69
69
69
69
64
64
64
64
64
64
64
41
41
41
41
41
41
41
40
40
40
40
40
40
40
35
35
35
35
35
35
35
59
59
59
59
59
59
59
58
58
58
58
58
58
58
63
63
63
63
63
63
63
42
42
42
42
42
42
42
41
41
41
41
41
41
41
41
41
41
41
41
41
41
36
36
36
36
36
36
36
34
34
34
34
34
34
34
33
33
33
33
33
33
33
40
40
40
40
40
40
40
52
52
52
52
52
52
52
40
40
40
40
40
40
40
34
34
34
34
34
34
34
47
47
47
47
47
47
47
78
78
78
78
78
78
78
56
56
56
56
56
56
56
39
39
39
39
39
39
39
42
42
42
42
42
42
42
31
31
31
31
31
31
31
40
40
40
40
40
40
40
27
27
27
27
27
27
27
22
22
22
22
22
22
22
22
22
22
22
22
22
22
26
26
26
26
26
26
26
30
30
30
30
30
30
30
26
26
26
26
26
26
26
29
29
29
29
29
29
29
25
25
25
25
25
25
25
25
25
25
25
25
25
25
22
22
22
22
22
22
22
29
29
29
29
29
29
29
21
21
21
21
21
21
21
27
27
27
27
27
27
27
21
21
21
21
21
21
21
26
26
26
26
26
26
26
28
28
28
28
28
28
28
36
36
36
36
36
36
36
29
29
29
29
29
29
29
24
24
24
24
24
24
24
30
30
30
30
30
30
30
29
29
29
29
29
29
29
27
